-0.198272585868835
0.036043044179678
0.050882861018181
0.082852095365524
0.283952146768570
-0.025223324075341
-0.032395370304585
0.607432603836060
-0.009273850359023
0.098175592720509
-0.217028394341469
0.057743344455957
-0.107209280133247
0.146282151341438
0.049391318112612
0.101464338600636
-0.008125479333103
0.092323094606400
0.001969609176740
0.029173858463764
0.173499748110771
0.078668124973774
-0.142587170004845
-0.016841530799866
0.137703314423561
-0.039809398353100
-0.103168547153473
-0.072925865650177
0.118959926068783
0.069649375975132
-0.049047451466322
0.112634971737862
-0.024980561807752
0.076775655150414
-0.069069974124432
-0.095831319689751
0.046586673706770
0.077472016215324
0.136648997664452
0.036384768784046
0.067524567246437
0.023617155849934
-0.095311991870403
0.091561943292618
-0.092770881950855
-0.028203323483467
0.099849589169025
0.143815502524376
0.044089246541262
-0.082915067672729
0.131854176521301
-0.033073186874390
0.053483914583921
0.140209451317787
0.026459572836757
0.197909057140350
0.013782564550638
-0.221247896552086
0.156461954116821
0.057911720126867
0.227534934878349
0.164114445447922
0.048783902078867
-0.124025858938694
-0.443372368812561
-0.022237699478865
-0.028486851602793
0.295971542596817
-0.147628381848335
-0.066049069166183
0.147392049431801
0.312672197818756
2.029700040817261
0.029628150165081
0.119365282356739
0.079538434743881
0.165776446461678
0.096442438662052
0.133879095315933
-0.008824504911900
-0.010907026007771
0.181615740060806
-0.007061485666782
-0.136929035186768
0.013277699239552
0.351754635572433
0.006598460488021
-0.017496667802334
0.023658238351345
1.017487525939941
0.103485763072968
0.132048755884171
0.277000218629837
0.021598791703582
0.172724679112434
0.102507218718529
-0.138930961489677
0.129862442612648
0.080591030418873
-0.234039723873138
0.014774036593735
0.146680891513824
0.195623055100441
0.142020151019096
0.023030310869217
0.067972607910633
0.009029195643961
-0.154785633087158
0.151514917612076
-0.014050909318030
0.034036900848150
0.067750297486782
0.213340640068054
0.142863541841507
-0.054207615554333
0.102440573275089
0.133073002099991
-0.126426994800568
0.146819949150085
0.183411404490471
0.004197367466986
0.449223071336746
0.052115131169558
-0.307657897472382
-0.047922804951668
0.094788372516632
0.086517058312893
-0.152862071990967
0.117217510938644
0.029362663626671
0.063575893640518
-0.288846105337143
-0.037825778126717
-0.046242237091064
-0.005466186441481
0.123206518590450
-0.173118919134140
-0.014983383938670
0.011618284508586
0.114009022712708
0.079516112804413
0.612885475158691
-0.072801753878593
-0.070228829979897
0.005967880133539
0.897529959678650
0.184177532792091
-0.092108838260174
-0.040721733123064
-0.247671782970428
0.029108475893736
1.972813487052917
-1.298966765403748
-0.048284444957972
-0.010240250267088
-0.010848066769540
-0.144595742225647
0.034021012485027
-0.050966750830412
0.044955886900425
0.124218836426735
-0.005193707998842
0.000984234968200
0.098539628088474
-0.111434921622276
-0.261252939701080
0.231604009866714
0.093340329825878
-0.026516681537032
0.030115703120828
0.178276360034943
0.004802772309631
0.024410165846348
-0.044471759349108
0.077616341412067
-0.046858508139849
0.013536964543164
0.118184469640255
-0.080147385597229
0.152146622538567
0.033402513712645
0.014478151686490
0.044036135077477
0.079882405698299
-2.162529468536377
0.144868493080139
0.165109783411026
-0.059490490704775
0.073456667363644
0.185776099562645
-0.034320104867220
0.244376614689827
-0.173176273703575
0.070625528693199
-0.040375832468271
-0.011690060608089
0.148420333862305
-0.036722559481859
0.083952270448208
-0.099670059978962
-0.058624163269997
-0.035786133259535
-0.000446005346021
0.048974514007568
0.200660437345505
-0.190617784857750
0.094211049377918
-0.171193897724152
-0.016235390678048
-0.085235729813576
-0.067036911845207
0.163751959800720
-0.199883222579956
-0.007957186549902
-0.226150542497635
0.104638874530792
0.016201721504331
0.185099378228188
0.215406879782677
0.032774798572063
0.043420609086752
0.041558533906937
0.045860104262829
0.184635967016220
-0.019911561161280
-0.171856194734573
0.028799498453736
0.040181457996368
0.078200086951256
0.037382461130619
-0.084355458617210
0.057188242673874
-0.041756004095078
0.043586693704128
0.185410305857658
-0.012852528132498
0.539514899253845
0.011128463782370
0.173744454979897
-3.085865020751953
-0.138487845659256
0.098398208618164
-0.045415207743645
-0.020726989954710
-0.082859754562378
0.154040157794952
0.060836743563414
-0.042132731527090
0.049483817070723
0.145008817315102
-0.228286728262901
0.189792171120644
0.091933459043503
-0.081279940903187
-0.038021255284548
0.078538231551647
0.030281517654657
-0.048539202660322
0.120773419737816
0.440702557563782
0.206993952393532
0.011928212828934
0.107775047421455
-0.125088348984718
0.131545662879944
0.235651910305023
0.104246087372303
-0.533269226551056
-0.198944091796875
0.048218317329884
0.122920326888561
0.006704416126013
0.092770695686340
-0.048996750265360
0.156629189848900
0.086091011762619
-0.068554095923901
0.062381073832512
-0.231362029910088
0.111364364624023
-0.091288186609745
-0.135310366749763
0.060180813074112
0.031591933220625
0.076752163469791
0.339720606803894
-0.214810371398926
-0.142089471220970
0.209289267659187
0.016499573364854
0.115102812647820
-0.229952856898308
0.077236428856850
0.055336225777864
0.445791006088257
0.017513666301966
-0.064638420939445
0.179404467344284
0.281737118959427
0.035273969173431
-0.073127314448357
0.068378046154976
-0.097212120890617
0.042510859668255
-0.039686705917120
0.279149740934372
3.198116779327393
0.176956593990326
0.049696277827024
0.286502808332443
-0.018166225403547
0.072066374123096
0.003216588636860
0.330866962671280
0.102411285042763
0.007500191684812
-0.089898638427258
0.129047304391861
-0.032004907727242
-0.071669995784760
0.066633857786655
0.143944144248962
0.072064600884914
0.021544752642512
0.089221432805061
0.413306891918182
0.050776418298483
-0.076041579246521
0.035038918256760
0.005948696285486
-0.069570101797581
-0.102236293256283
0.289265394210815
-0.128708913922310
0.221897125244141
0.025830093771219
-0.002391710877419
-0.020468300208449
-0.270289540290833
0.067345410585403
-0.110066883265972
-0.011228520423174
-0.145608946681023
-0.347000747919083
-0.156770735979080
-0.118618629872799
0.077872939407825
-0.006991766393185
0.056108750402927
0.034928083419800
-0.147227719426155
0.113622821867466
-0.139519438147545
-0.046093434095383
0.028980104252696
-0.061704166233540
0.063896767795086
-0.005206102505326
0.015094667673111
0.100411087274551
0.034801077097654
0.003131915582344
0.098609015345573
-0.018925201147795
-0.020572917535901
-0.069866515696049
-0.095415368676186
0.193974718451500
0.002105720806867
0.053030330687761
0.172493904829025
0.178230971097946
0.026395823806524
-0.085589297115803
0.131352707743645
0.091462217271328
0.255019485950470
-0.046794980764389
-0.126566961407661
-0.249382674694061
0.122344821691513
-0.190757870674133
0.015330800786614
0.060260232537985
0.088867552578449
0.291719704866409
0.046245936304331
0.184869006276131
-0.529196262359619
-0.047478970140219
-0.256293147802353
0.021523639559746
0.087276905775070
0.176586523652077
-0.021140761673450
-0.046852730214596
0.055645015090704
-0.142399743199348
0.036407601088285
0.259227991104126
0.055254746228456
0.107919387519360
0.067702531814575
0.064898043870926
0.000754628563300
-0.035013698041439
0.022617727518082
0.086245179176331
-0.064884468913078
0.083668485283852
0.118428684771061
0.125067308545113
0.057928353548050
0.139976054430008
-0.013481028378010
-0.015342781320214
0.011695372872055
0.024416647851467
-0.154607087373734
-0.127072572708130
-0.154859006404877
0.279457956552505
-0.016030747443438
0.084757924079895
0.021460516378284
-0.248921379446983
0.056905720382929
-0.041977029293776
0.055811405181885
0.041336763650179
0.098299987614155
-0.068057037889957
-0.118504971265793
-0.033929482102394
0.139170661568642
-0.181123450398445
-0.018547601997852
0.073269076645374
-0.059312783181667
0.054269757121801
-0.049052137881517
0.016972050070763
0.054217685014009
-0.006983280647546
-0.106605544686317
0.128342494368553
0.083546817302704
0.037901479750872
-0.044656600803137
-0.027820300310850
0.036123983561993
0.060252305120230
0.109133593738079
0.057965502142906
0.311515063047409
-0.085294850170612
-0.204538226127625
-0.078298605978489
-0.018292322754860
-2.091424942016602
0.030080366879702
-0.149752318859100
0.001562525285408
0.037896011024714
0.041012834757566
0.252646416425705
0.107797771692276
0.390221297740936
0.114230386912823
-0.135239467024803
0.088119119405746
0.188037186861038
0.062208406627178
-0.056221868842840
-0.361005634069443
-0.046114321798086
-0.032420743256807
0.047467414289713
0.013505269773304
-0.078904680907726
0.322703361511230
0.015963245183229
0.146090090274811
-0.034488566219807
-0.101709909737110
0.056752614676952
-0.062866576015949
0.476940393447876
0.022775882855058
-0.150654911994934
-0.202123656868935
0.127030894160271
0.014779253862798
0.025994317606091
0.114793188869953
-0.034264292567968
-0.115339204668999
-0.032074216753244
-0.013773534446955
0.087036572396755
0.192430436611176
0.067013904452324
-0.050426639616489
-0.025460066273808
-0.186715900897980
-0.020742736756802
-0.216226100921631
0.334587305784225
0.058445204049349
-0.018362605944276
-0.003778384998441
-0.032112859189510
-0.002015924314037
0.031282708048820
0.137044325470924
-0.033609624952078
-0.010081740096211
0.075973950326443
0.034297309815884
0.022819271311164
0.136366665363312
0.051412593573332
0.128187954425812
-0.062350854277611
0.098270244896412
0.042183876037598
0.123296849429607
-0.257574468851089
0.136491209268570
-0.208019345998764
0.194707915186882
-0.134505555033684
0.275007605552673
-0.884401798248291
0.021429598331451
-0.118135392665863
0.029386861249804
-0.040590904653072
-0.108081839978695
0.004828558769077
0.065419010818005
0.025109788402915
0.014250822365284
0.003058186033741
0.031721305102110
-0.064766831696033
0.267764955759048
0.077081859111786
0.018613109365106
0.013389728963375
-0.010845694690943
0.105754412710667
-0.012609099037945
0.213154315948486
0.059073988348246
-0.106511317193508
0.120594263076782
0.157976791262627
-0.122252315282822
0.023699991405010
0.179284319281578
-0.056760694831610
0.127026468515396
0.049994997680187
0.101590171456337
-0.048786867409945
0.182629346847534
-0.028593761846423
0.110882304608822
-0.347439825534821
-0.036042165011168
0.058793701231480
-0.080050654709339
0.111432328820229
-0.246414706110954
0.068254776299000
0.147749647498131
-0.008148646913469
0.149900093674660
0.089450798928738
0.058116320520639
-0.047140974551439
0.151550859212875
0.002080269856378
0.047022249549627
-0.114459663629532
0.121508143842220
0.205502957105637
-16.847110748291016
0.223585441708565
0.122674018144608
0.254778206348419
-0.063496023416519
0.083716265857220
0.105606466531754
0.007431135978550
0.017956841737032
0.038943856954575
0.111246436834335
0.079225175082684
-0.141594052314758
-0.018519874662161
-0.318960338830948
0.087038420140743
0.054138991981745
-0.268832206726074
0.049627639353275
0.043414570391178
0.028901435434818
0.119019925594330
0.302922368049622
0.049985818564892
-0.046102359890938
0.249795943498611
-0.049981646239758
0.264295935630798
0.044311091303825
0.011110068298876
0.078665278851986
0.051646661013365
0.173556610941887
-0.107000380754471
0.007099168375134
-0.091237880289555
0.035645332187414
-0.039495792239904
0.013686199672520
0.003985408227891
0.053463190793991
-0.018839757889509
-0.123604007065296
-0.012247389182448
-0.042935442179441
0.158111408352852
0.007395806722343
-0.047680929303169
0.007455739658326
0.190837293863297
-0.037714831531048
0.026336735114455
-0.303987622261047
0.003388590645045
0.114749729633331
0.063861370086670
0.041655287146568
-0.364819794893265
0.034297853708267
0.134164139628410
0.194968760013580
-0.342682033777237
0.158680185675621
-0.041736647486687
0.036388278007507
0.289253652095795
-0.110593259334564
-0.094332709908485
0.038487132638693
-0.033935628831387
0.175016626715660
-0.001827838248573
0.126433148980141
-0.178178459405899
-0.108875058591366
-0.112621396780014
0.067831538617611
-0.111897990107536
0.248466446995735
-0.184229791164398
-0.091633796691895
0.239662438631058
-0.140409797430038
0.182912275195122
0.018064081668854
-0.185854092240334
0.097345925867558
-0.023418728262186
0.281244218349457
0.036661580204964
0.024426756426692
-0.147113636136055
-0.012957802973688
0.196971923112869
0.138304218649864
0.006879665423185
-0.031698223203421
0.139834016561508
0.133290857076645
0.060781072825193
0.087010219693184
-0.080060191452503
0.174183383584023
0.190959095954895
-0.028803020715714
0.326254278421402
0.598728835582733
0.107661440968513
0.069473192095757
-0.096923097968102
0.208502322435379
0.291384607553482
-0.106112919747829
0.116336390376091
0.118037447333336
-0.189207166433334
0.216044276952744
0.044444754719734
-0.011300646699965
0.125862196087837
0.023601382970810
0.036003768444061
-0.009084441699088
0.052815806120634
0.023582244291902
-0.129453048110008
0.101213186979294
0.033583097159863
0.032712906599045
0.111765019595623
-0.070690557360649
-0.109799481928349
-0.243653684854507
-0.081384375691414
0.093703895807266
-0.608114182949066
0.030578631907701
0.029607338830829
-0.008870105259120
0.065863505005836
0.288554489612579
0.322558522224426
0.040341272950172
-0.772432148456573
-0.104417733848095
0.085059583187103
-0.278388679027557
-0.049149684607983
0.114306151866913
0.097208999097347
0.115582995116711
-1.421457648277283
-0.117136456072330
1.120868563652039
-0.056389331817627
-0.003095691325143
-0.045375723391771
0.002423257566988
0.029096992686391
-0.109562836587429
0.229572653770447
0.165421947836876
0.024655569344759
0.015418891794980
0.055401515215635
-0.252564847469330
0.187853291630745
0.048281371593475
0.182952553033829
-0.045108664780855
-0.003403394017369
-0.032274145632982
-0.107006564736366
-0.017780117690563
-0.238324537873268
0.149494662880898
-0.154881432652473
0.415235936641693
0.039074193686247
0.298478782176971
