-0.069175124168396
-0.045539900660515
0.099944405257702
0.172339126467705
0.359006136655807
-0.036339312791824
-0.020422397181392
0.544675052165985
-0.094069726765156
0.035227850079536
-0.174425512552261
0.001444137422368
-0.094475746154785
0.134505942463875
-0.025122875347733
0.050857532769442
0.007341128773987
0.035180445760489
0.093510955572128
0.025085084140301
0.311271935701370
0.049076601862907
0.076405435800552
0.179509133100510
0.166079655289650
-0.069703981280327
-0.142571747303009
-0.026873480528593
-0.064221575856209
0.102949552237988
0.000224645395065
0.197133302688599
-0.005989901721478
-0.014395735226572
-0.100637212395668
-0.002989677712321
-0.031804002821445
0.085924819111824
0.247077479958534
-0.029142748564482
0.036229405552149
0.111241474747658
0.048923205584288
0.154515564441681
-0.123166039586067
0.062484510242939
0.075855344533920
0.049714956432581
0.077119559049606
-0.102621383965015
0.004894066136330
0.029549587517977
0.028403496369720
0.188881769776344
-0.097186870872974
0.051023814827204
-0.088140986859798
-0.314825028181076
0.079332560300827
-0.043554119765759
0.207484424114227
0.310756087303162
0.100258491933346
-0.283629685640335
-0.385005593299866
-0.079235427081585
-0.065922141075134
0.257838577032089
-0.028349997475743
-0.043134484440088
0.175636202096939
0.303122729063034
2.035970687866211
0.044206909835339
0.018827755004168
0.085288375616074
0.224856153130531
0.077070958912373
0.017065240070224
0.014690653420985
0.017076633870602
0.170506894588470
-0.098960988223553
-0.031916290521622
0.031468044966459
0.356432139873505
0.132958799600601
0.082140870392323
-0.001372098689899
1.045212268829346
0.074037201702595
0.092099055647850
0.440599322319031
-0.020184615626931
0.280019253492355
0.035585235804319
-0.111247166991234
0.095798105001450
0.094246007502079
-0.181670978665352
0.032302737236023
-0.099859803915024
0.000104855287645
0.110271647572517
-0.032578956335783
0.021336315199733
-0.048874761909246
-0.114370532333851
0.072141192853451
0.053543943911791
0.214819699525833
0.093328215181828
-0.018233656883240
0.061833813786507
-0.040178745985031
0.184408351778984
0.133494094014168
0.164303362369537
0.165371850132942
0.214861929416656
-0.149119883775711
0.447521239519119
0.060227598994970
-0.160839453339577
-0.054427653551102
0.094585128128529
-0.008149527944624
-0.139253214001656
0.075963750481606
-0.010524841025472
0.026872411370277
-0.341220349073410
-0.009031629189849
-0.098944716155529
-0.112075582146645
0.150791943073273
0.062514528632164
-0.091270655393600
0.014016771689057
0.128946542739868
-0.081783823668957
0.618017613887787
-0.080284893512726
-0.014979574829340
0.064556092023849
1.317023754119873
0.114986285567284
-0.223636165261269
0.084425933659077
-0.309401065111160
0.064513780176640
2.025161504745483
-1.165855050086975
-0.118245221674442
-0.020593490451574
0.020172119140625
0.148075848817825
-0.072838284075260
-0.002882796572521
0.054066751152277
-0.127371191978455
0.259100615978241
-0.052581530064344
-0.082356229424477
-0.185125380754471
-0.109410300850868
0.269593626260757
0.056788418442011
0.002063178690150
0.019084962084889
0.092897079885006
0.105210267007351
-0.076978944242001
-0.015256997197866
-0.004834052640945
0.084158360958099
0.057336460798979
-0.015076462179422
-0.027451593428850
0.098578475415707
0.242556974291801
-0.008002021349967
0.008011094294488
0.251449108123779
-2.153308391571045
0.122124888002872
0.065884202718735
-0.043035153299570
0.016147989779711
0.102176189422607
0.008628076873720
0.245695978403091
-0.128211632370949
0.071872226893902
0.030872590839863
0.036497943103313
0.042503107339144
0.028186770156026
0.060899253934622
-0.007089299615473
-0.034168057143688
0.003282850375399
0.029308246448636
0.172699362039566
0.214149996638298
-0.295563280582428
0.163453832268715
-0.283611238002777
0.046618144959211
-0.191367805004120
-0.025011174380779
0.081951946020126
-0.147539243102074
-0.049420587718487
-0.156598001718521
-0.020342297852039
0.113163955509663
0.051237411797047
0.285240292549133
-0.106275081634521
-0.045089263468981
0.159682065248489
0.072322495281696
0.197870850563049
0.082588121294975
-0.031738601624966
-0.101263448596001
0.006913970224559
0.026100015267730
0.001033805543557
0.084538035094738
-0.091449171304703
0.001915723900311
0.186370670795441
-0.008379403501749
0.024789864197373
0.369385242462158
0.000471214094432
0.166324764490128
-2.908341646194458
0.003586186096072
0.013547328300774
-0.060367133468390
-0.037851583212614
-0.117631539702415
0.156837821006775
-0.035892207175493
0.022395431995392
-0.053643766790628
0.333779811859131
-0.082012310624123
0.068804636597633
0.025891859084368
-0.216583445668221
0.017075350508094
-0.254987329244614
0.011156355030835
-0.127051845192909
0.052559621632099
0.864365398883820
0.145213514566422
0.011839934624732
0.101510018110275
-0.047994609922171
0.082105636596680
0.138012632727623
0.118148319423199
-0.148535236716270
-0.173722237348557
0.000484513788251
-0.013875128701329
0.085452847182751
-0.032342940568924
0.105081811547279
0.154106363654137
0.034089338034391
0.088815152645111
0.084203451871872
-0.256730765104294
0.162167027592659
0.084273263812065
-0.094638675451279
-0.046900801360607
-0.034663930535316
0.063139028847218
0.066007561981678
-0.272222071886063
-0.155888929963112
0.266563594341278
0.024526974186301
-0.057773366570473
-0.273223787546158
-0.008973133750260
0.146336331963539
0.514479398727417
0.093765921890736
0.014624481089413
0.103737451136112
0.257743895053864
0.229172796010971
-0.000957044831011
0.052187338471413
-0.039328850805759
0.066775128245354
-0.036500342190266
0.303781032562256
3.255911827087402
0.071484982967377
0.077131733298302
0.384547829627991
-0.044914163649082
0.074011631309986
-0.157334923744202
0.277329832315445
0.003691772231832
-0.022175248712301
-0.105515107512474
0.200318694114685
-0.107310935854912
0.001137039507739
-0.000083742866991
0.074819333851337
0.077135302126408
0.114776812493801
0.084312565624714
0.295669645071030
0.002598130144179
-0.012709087692201
0.109614521265030
-0.038960058242083
-0.076866388320923
-0.116744592785835
0.210833638906479
-0.189765483140945
0.184156522154808
0.217741593718529
-0.059392303228378
0.001174284960143
-0.299555301666260
-0.052657075226307
0.054762709885836
0.075774088501930
-0.064867049455643
-0.273139297962189
-0.209063038229942
-0.010891559533775
-0.005646933335811
0.133551329374313
0.008560470305383
0.099756225943565
-0.109956137835979
0.077969767153263
0.038701727986336
-0.020048666745424
0.113352745771408
-0.142411932349205
0.233194500207901
0.058639287948608
0.046591822057962
0.022679988294840
-0.087411224842072
0.064479522407055
0.131006911396980
0.109281197190285
0.082527719438076
0.080916136503220
-0.043809365481138
0.132118716835976
-0.094383709132671
-0.036304071545601
0.284074485301971
0.135447978973389
0.020504059270024
-0.150274485349655
0.148186877369881
0.020890187472105
0.148179143667221
0.121852412819862
0.057391487061977
0.007428737357259
0.087308734655380
-0.206591650843620
-0.065840430557728
0.071022450923920
0.058261163532734
0.297272711992264
0.039008870720863
0.243387743830681
-0.299301415681839
-0.066633120179176
-0.173083305358887
0.090142995119095
0.011333603411913
0.144759848713875
-0.130206823348999
0.041334316134453
0.083120673894882
-0.193545430898666
0.097795374691486
0.254034936428070
0.051800619810820
0.069184415042400
-0.027777343988419
0.074874252080917
0.011177338659763
0.073739886283875
0.009481556713581
0.136759057641029
0.007690637372434
0.185439839959145
0.099744893610477
0.222565576434135
0.095879100263119
-0.014226289466023
0.048136409372091
-0.005962223745883
0.061441157013178
-0.021954152733088
0.059857483953238
-0.044637504965067
-0.124399170279503
0.217141076922417
0.010664178058505
0.055737666785717
-0.011406146921217
0.049145173281431
0.096623770892620
-0.051352206617594
0.041072234511375
0.085521906614304
0.118910469114780
-0.238432019948959
0.019534004852176
0.153087511658669
0.095067940652370
-0.244017809629440
-0.024102978408337
-0.094967260956764
-0.020983546972275
0.052335787564516
-0.017746560275555
0.015133924782276
0.011722148396075
-0.042296051979065
0.022471090778708
0.142069116234779
0.116440273821354
-0.071520112454891
-0.320362925529480
-0.048869535326958
0.023885047063231
0.046693105250597
0.085490860044956
-0.009569861926138
0.294328570365906
-0.056544929742813
-0.319729059934616
-0.212855860590935
-0.042061399668455
-2.199842929840088
0.042974833399057
-0.007727809250355
0.085272967815399
-0.144783228635788
0.319432020187378
0.273470044136047
0.050249606370926
0.228286117315292
0.187830522656441
-0.060781259089708
0.039436876773834
0.190803140401840
0.090322285890579
-0.099338471889496
-0.254031985998154
-0.045762278139591
-0.145070090889931
0.031760632991791
0.015900414437056
-0.260401934385300
0.210063114762306
0.145011916756630
0.107988134026527
-0.106860354542732
-0.029407033696771
0.169640451669693
-0.026780216023326
0.392655283212662
-0.089985661208630
-0.063238643109798
-0.119779959321022
0.055768333375454
-0.098150916397572
0.014264219440520
0.226272851228714
0.139287605881691
-0.207822054624557
-0.189918056130409
0.083409354090691
0.164323389530182
0.125780493021011
0.210404559969902
-0.010651108808815
0.014787361025810
0.184659630060196
0.077202156186104
-0.072630092501640
0.308205127716064
0.080198027193546
-0.017363278195262
0.128174945712090
0.032012458890676
-0.037039011716843
0.074614301323891
0.140858292579651
-0.057714041322470
0.022069739177823
-0.031292289495468
0.164242133498192
-0.010284826159477
0.165302887558937
0.081082008779049
0.093543030321598
-0.047505933791399
0.259774416685104
-0.004372949246317
0.010557219386101
-0.361926794052124
0.069715484976768
0.040725335478783
0.053696189075708
0.105360031127930
0.142874643206596
-0.863799691200256
0.143886774778366
-0.113910660147667
0.009479764848948
-0.033551003783941
-0.029083754867315
0.015521688386798
0.073677457869053
0.014174854382873
0.015764901414514
0.035875357687473
0.043105565011501
-0.002038128441200
0.308895349502563
0.045391168445349
0.081088811159134
0.022029116749763
0.005536908283830
0.057914815843105
0.146783366799355
0.206222042441368
0.041066333651543
-0.217683106660843
0.197806954383850
0.143341124057770
-0.035914849489927
0.010614537633955
0.265519082546234
-0.124160274863243
0.061469692736864
0.014372522011399
0.033959258347750
0.044438757002354
0.069210179150105
0.051599144935608
0.055134519934654
-0.395745038986206
-0.010728756897151
0.057514268904924
-0.002687273081392
-0.050356779247522
-0.116454765200615
-0.002474271459505
0.074210949242115
0.005316630005836
0.248891934752464
0.037883605808020
0.080590836703777
-0.175121262669563
0.075992509722710
-0.063613817095757
0.177468240261078
-0.006253913976252
0.117725819349289
0.170371502637863
-18.246547698974609
0.360422164201736
0.075976409018040
0.198495194315910
-0.091622263193130
0.078256957232952
0.063873805105686
0.061467960476875
-0.062694400548935
0.047201212495565
0.011254656128585
-0.019294248893857
-0.088308162987232
-0.142774790525436
-0.132408007979393
-0.045312386006117
0.000532726175152
-0.102572731673717
-0.044884741306305
-0.068074695765972
0.009091797284782
0.135646328330040
0.228910982608795
0.262777745723724
0.031581535935402
0.171593114733696
-0.105277240276337
0.128812238574028
0.006226700730622
0.012712034396827
0.015005427412689
-0.055417209863663
0.131014913320541
-0.039554003626108
0.005833802744746
-0.197495684027672
0.019749328494072
0.054096821695566
-0.039712723344564
-0.287160068750381
0.001266754581593
-0.113189905881882
0.066781617701054
0.007519080303609
0.018904374912381
0.091679304838181
-0.033244054764509
-0.086840398609638
0.037854105234146
0.053566049784422
0.075330168008804
0.038301333785057
-0.320758968591690
-0.122184567153454
0.066085159778595
0.179411411285400
0.107370205223560
-0.300605505704880
-0.116316534578800
0.043015871196985
0.167307496070862
-0.306402415037155
0.026705460622907
0.029409181326628
-0.021801471710205
0.354225873947144
-0.073960468173027
-0.115505173802376
0.007928960025311
-0.099081993103027
0.076137296855450
-0.051055811345577
0.162182286381721
-0.190536633133888
-0.173205286264420
-0.016117777675390
-0.004267110489309
-0.085957795381546
0.273936122655869
-0.171537339687347
-0.094888739287853
0.315458446741104
-0.157523393630981
0.219708383083344
0.045382328331470
-0.041015446186066
0.009955842047930
0.017367102205753
0.182259872555733
0.050621576607227
0.066643647849560
-0.007443749345839
0.023339012637734
0.128619015216827
0.226232960820198
0.056095451116562
0.023327967151999
0.055020768195391
0.203000307083130
0.034153562039137
0.097205422818661
0.027322640642524
0.167294621467590
0.220168396830559
0.011388041079044
0.192131325602531
0.414924263954163
-0.019065849483013
-0.020445402711630
-0.018704343587160
0.196018263697624
0.306194990873337
-0.137462377548218
0.046755935996771
-0.017105745151639
-0.155585139989853
0.319591909646988
0.133822694420815
-0.050790846347809
0.081650137901306
0.006348662544042
0.126744136214256
-0.068260826170444
0.077447436749935
-0.034726917743683
-0.049100849777460
-0.001064037554897
-0.161329835653305
0.078739210963249
0.035692717880011
0.003934825304896
-0.099288165569305
-0.371601700782776
-0.050406038761139
-0.074032828211784
-0.744683980941772
0.026463521644473
0.059480760246515
-0.018191067501903
-0.018090508878231
0.170906081795692
0.324623256921768
0.076358966529369
-0.625321567058563
-0.109623506665230
0.113136515021324
-0.166085332632065
-0.082053363323212
0.176815301179886
-0.007877844385803
0.041662935167551
-1.213777661323547
-0.018211288377643
0.978340327739716
-0.016293078660965
0.000574707402848
-0.059766113758087
0.052769448608160
-0.006505921948701
-0.014985074289143
0.128174990415573
0.298900067806244
-0.019224448129535
0.054626911878586
0.190741613507271
-0.150683984160423
0.188698023557663
0.056722864508629
-0.011716478504241
0.011492920108140
-0.046505343168974
-0.126741200685501
-0.060513123869896
-0.003673767438158
-0.320876061916351
0.181736737489700
-0.264515697956085
0.468835741281509
0.011260926723480
0.415560305118561
