-0.107092410326004
-0.047465831041336
0.092628158628941
0.049644570797682
0.219044044613838
-0.008882589638233
0.001733710290864
0.375592321157455
0.058347608894110
0.003558736294508
-0.246281504631042
0.040951769798994
0.147388681769371
0.322945117950439
0.014803097583354
0.057054299861193
0.129591807723045
0.101531587541103
0.177347287535667
-0.042471367865801
0.064474232494831
-0.021762153133750
0.189224287867546
0.205725148320198
-0.241112902760506
-0.139084741473198
0.082626655697823
-0.000565421534702
-0.037910751998425
0.129313990473747
-0.038529280573130
-0.002519315807149
-0.180024117231369
-0.173941463232040
-0.008593153208494
0.372893273830414
0.037576008588076
-0.033126153051853
0.155901238322258
0.018637999892235
-0.223007678985596
0.227411374449730
-0.281493306159973
0.415752530097961
-0.024538913741708
0.081856481730938
0.119654655456543
-0.240513071417809
0.157764315605164
-0.146222233772278
0.167405188083649
-0.208084359765053
-0.019530212506652
0.467878401279449
-0.248907536268234
-0.053165912628174
0.116425521671772
0.202121570706367
0.046084716916084
0.061633229255676
0.152197688817978
0.160548120737076
0.087108753621578
-0.769531846046448
-0.504167854785919
-0.120646908879280
0.005205950699747
-0.071345642209053
-0.012887495569885
-0.034015730023384
0.044252704828978
-0.040379673242569
2.098428487777710
0.118514798581600
0.020175863057375
0.030183197930455
0.081014551222324
-0.042091187089682
0.004056781996042
-0.008620233274996
0.000136259652209
0.077669478952885
0.049214553087950
0.201617002487183
0.028286017477512
0.339126557111740
0.028773711994290
0.077512547373772
-0.076288439333439
0.169741094112396
-0.036120552569628
0.368555843830109
0.171640068292618
0.050990063697100
0.422872602939606
0.064944103360176
-0.023208493366838
0.089543163776398
-0.023926850408316
0.172918692231178
0.200203597545624
0.059794787317514
-0.127946719527245
0.159422561526299
0.388077765703201
-0.013181756250560
-0.126334145665169
-0.005716782063246
-0.066574968397617
0.121429003775120
0.034749370068312
0.105480775237083
-0.252465933561325
0.156373739242554
0.120674379169941
-0.070744700729847
0.017344580963254
0.087228499352932
-0.188891932368279
0.058325488120317
-0.098879456520081
0.438649863004684
0.019894804805517
-0.014767893590033
-0.001422010362148
-0.055664494633675
0.020166741684079
-0.019280867651105
0.075081974267960
0.078285999596119
-0.027903717011213
-0.114176549017429
0.164905980229378
0.030088793486357
0.103906318545341
-0.086132019758224
-0.043056182563305
-0.008465157821774
-0.045980419963598
-0.468775898218155
0.048426207154989
0.332955390214920
0.022565435618162
0.089559897780418
-0.008905858732760
1.844659924507141
0.041128858923912
0.093976847827435
-0.071802593767643
-0.274158239364624
0.013029588386416
1.499361515045166
-0.412033915519714
0.008544859476388
-0.038775958120823
0.055930923670530
0.376105427742004
-0.051362227648497
-0.091062322258949
-0.007885750383139
0.257706910371780
-0.187448859214783
-0.061500683426857
-0.064910635352135
0.108038671314716
0.147448465228081
0.163993507623672
0.107187546789646
-0.042836870998144
0.007952959276736
0.108233094215393
0.094616919755936
0.148607879877090
-0.004424793180078
0.081178434193134
0.146125853061676
0.054696973413229
0.039222728461027
0.096081167459488
-0.073127746582031
0.089323736727238
0.044807292521000
0.125622779130936
-0.063654109835625
-1.427786946296692
0.014866229146719
0.046426046639681
-0.076407618820667
-0.083879567682743
0.168107077479362
0.130897074937820
0.479993253946304
0.131029874086380
0.088002122938633
0.002096815500408
0.119589366018772
-0.094289697706699
-0.038517575711012
-0.027100782841444
0.000137401730171
0.022441068664193
-0.038307595998049
0.344665795564651
0.215398579835892
0.101285457611084
-0.023734752088785
0.263736158609390
0.193928658962250
0.026623068377376
0.112001329660416
-0.139358714222908
0.017183624207973
-0.124062292277813
-0.179422229528427
-0.244862958788872
-0.168948888778687
-0.285228133201599
0.289754569530487
0.280281931161880
0.084512725472450
-0.123779170215130
0.085944458842278
-0.064308866858482
-0.048606760799885
-0.070600636303425
0.147177368402481
0.175649493932724
-0.003588579827920
-0.047891657799482
-0.042883235961199
-0.033609956502914
-0.037929534912109
-0.216855257749557
0.172756209969521
0.080238737165928
0.023619269952178
0.093754097819328
0.068901941180229
0.245288550853729
-2.432482481002808
0.337216854095459
-0.015366210602224
0.076015003025532
-0.023159002885222
-0.421539396047592
0.064594291150570
0.420937031507492
0.136320754885674
0.027044845744967
0.354038596153259
-0.038062147796154
0.276064276695251
0.099069409072399
-0.144548222422600
0.075738705694675
-0.100402422249317
0.095532700419426
0.184733420610428
0.123454906046391
2.096305131912231
0.167814835906029
0.075300745666027
0.119653336703777
0.136536777019501
-0.053885508328676
0.186717510223389
-0.536376893520355
0.325008094310760
0.008344376459718
-0.051254473626614
-0.212691262364388
0.036901272833347
0.171034231781960
0.020423470064998
0.081032469868660
0.054291281849146
-0.288368105888367
-0.045111034065485
-0.060616713017225
-0.013691660948098
0.547820389270782
0.139061525464058
-0.237772211432457
-0.003309944644570
-0.020098909735680
0.156897976994514
0.210672169923782
-0.108344070613384
0.176407873630524
-0.082893647253513
-0.064274176955223
0.094879262149334
-0.008196951821446
0.016246343031526
0.533158659934998
0.064523704349995
-0.027610339224339
-0.207231566309929
-0.120766066014767
0.463445574045181
-0.114895813167095
0.266356915235519
0.047837641090155
0.018484517931938
0.223951414227486
0.397432118654251
3.110152006149292
-0.072780869901180
0.010354811325669
-0.079281270503998
0.052480693906546
0.047636847943068
0.122532062232494
0.387221902608871
-0.165201634168625
-0.100322760641575
-0.159843847155571
-0.112377390265465
-0.044456575065851
-0.038475822657347
0.200294226408005
-0.022067449986935
-0.023653618991375
-0.196766436100006
0.037003461271524
0.195985570549965
-0.020443016663194
-0.071783795952797
0.002050071023405
0.095739252865314
-0.192184910178185
-0.019780101254582
0.013084731064737
-0.156475216150284
0.325849801301956
0.010895354673266
-0.022820038720965
-0.012811448425055
0.172496885061264
0.038754016160965
-0.077711336314678
-0.148759528994560
-0.094373777508736
-0.161052659153938
-0.089338429272175
0.008553554303944
0.137730255723000
-0.158620774745941
-0.093994244933128
0.138212129473686
0.075515180826187
0.189992517232895
0.009492889046669
0.092166289687157
-0.006758615840226
0.045808400958776
-0.135358303785324
0.208045020699501
-0.040132448077202
-0.202865079045296
-0.173713460564613
0.165165156126022
0.112473927438259
0.071868002414703
0.049420040100813
0.308083236217499
0.021026140078902
0.329670310020447
-0.139077022671700
0.059696428477764
0.168038725852966
0.263918399810791
0.158683523535728
0.002609808463603
0.160914316773415
0.073071606457233
0.027456428855658
-0.307150006294250
-0.004783624783158
-0.046492572873831
0.032435208559036
-0.321337223052979
-0.056151706725359
-0.014638348482549
-0.047220326960087
0.009721321985126
0.131872877478600
0.134321093559265
-0.390173137187958
-0.163352429866791
-0.032885354012251
-0.334280878305435
-0.024962406605482
0.096091955900192
0.014293413609266
0.183632552623749
0.009643515571952
-0.180187389254570
-0.062598131597042
0.430297493934631
-0.121950902044773
0.062664367258549
0.008172946982086
0.039210967719555
0.441340714693069
0.361304014921188
0.152233466506004
-0.220467939972878
-0.008222727105021
-0.056963194161654
0.080054201185703
0.006129120476544
0.003680996596813
-0.498058825731277
-0.043356910347939
-0.083675816655159
0.043482769280672
-0.080085404217243
0.323478937149048
-0.038604933768511
0.014440208673477
0.226835712790489
0.081180855631828
-0.066850170493126
0.033431962132454
0.024641560390592
0.005677818786353
-0.033974152058363
-0.021078003570437
-0.044056817889214
-0.016340812668204
-0.231219902634621
0.027014590799809
-0.008578456006944
0.028109243139625
0.019946411252022
0.109257929027081
0.059793081134558
0.058931801468134
0.102266028523445
0.078984051942825
-0.074097149074078
-0.040542546659708
0.016359407454729
-0.062368519604206
0.253638207912445
0.117752961814404
0.056180309504271
-0.023495765402913
-0.026459420099854
-0.044578421860933
-0.038221981376410
-0.041759163141251
-0.050687398761511
0.106660701334476
-0.378415048122406
-0.068857416510582
-0.189688399434090
-0.043147984892130
-0.156256765127182
0.315701037645340
0.109486892819405
0.187196806073189
0.018098222091794
-0.129599839448929
-0.248625829815865
-0.035637825727463
0.293885052204132
-0.050257150083780
0.130778908729553
0.110572807490826
0.052569784224033
-0.010835763998330
0.154726997017860
-0.376884520053864
-0.114755146205425
-0.195929065346718
0.226249501109123
0.061493106186390
-0.122770704329014
0.144129499793053
0.118080772459507
-0.305360466241837
0.025205394253135
0.027136960998178
0.083622008562088
-0.640861630439758
0.146083667874336
0.099160507321358
0.502694666385651
0.001959916902706
-0.058126941323280
-0.045538332313299
-0.016450809314847
0.162794426083565
0.116320677101612
-0.419184893369675
-0.219426348805428
0.160767748951912
-0.082285746932030
0.125898152589798
0.360418170690536
-0.057555951178074
-0.050704263150692
0.425961941480637
0.063665717840195
0.393597155809402
0.004871062468737
0.135997816920280
0.053422220051289
0.319643765687943
-0.027068058028817
0.010771251283586
-0.087041251361370
0.195914670825005
0.080312184989452
-0.023340567946434
-0.040979076176882
0.089345522224903
-0.006331286858767
0.199998140335083
0.148276135325432
0.110226802527905
-0.010919036343694
0.240760713815689
-0.200958445668221
0.162100389599800
-0.368719220161438
-0.012675319798291
0.294563770294189
0.127339243888855
-0.025019425898790
0.153918296098709
0.128646001219749
0.236200153827667
0.135509058833122
0.048230074346066
-0.046640187501907
0.231613695621490
0.055199317634106
0.035330209881067
-0.031708441674709
-0.162003159523010
0.040932834148407
-0.014409734867513
0.000511342135724
0.122806474566460
-0.061581525951624
0.039283897727728
-0.132623061537743
0.072950616478920
-0.086576052010059
0.194038867950439
-0.207518473267555
-0.176451072096825
0.009152395650744
0.095233477652073
0.033969264477491
-0.028972046449780
-0.030362220481038
0.095279447734356
0.000840917695314
-0.033735867589712
0.151356607675552
0.124648295342922
0.103746622800827
-0.007990001700819
-0.012269275262952
0.074318230152130
-0.068591333925724
0.006341230124235
0.176642775535583
0.018100421875715
-0.150323674082756
-0.067261740565300
-0.062390763312578
0.019099568948150
-0.086419671773911
-0.045483365654945
0.431738376617432
0.159865692257881
-0.284752964973450
0.055409263819456
0.101565293967724
0.338212311267853
-0.055307481437922
-0.141609951853752
0.106053017079830
-18.759109497070312
0.136866703629494
0.062108680605888
0.145186364650726
0.034107014536858
0.046271398663521
0.195472493767738
0.040212787687778
0.037575412541628
-0.257098197937012
-0.061753220856190
0.209531992673874
-0.008402144536376
-0.078094050288200
-0.075218208134174
-0.339911133050919
0.039321999996901
0.126813814043999
-0.045912269502878
-0.017160976305604
0.162977263331413
-0.116620250046253
0.281371742486954
-0.068954266607761
-0.082544460892677
0.293083161115646
-0.058310728520155
-0.274313271045685
-0.030859904363751
0.196567729115486
0.168151542544365
-0.075708873569965
-0.030009787529707
-0.097410909831524
0.008517741225660
-0.026050431653857
-0.116788238286972
-0.055895846337080
0.011058096773922
0.039366088807583
-0.065059535205364
0.096570238471031
0.241059422492981
-0.061979971826077
0.351524442434311
0.036557912826538
0.036006212234497
-0.084126740694046
0.165791794657707
-0.105400234460831
0.013253616169095
-0.039305314421654
-0.416227728128433
0.006543052382767
0.059283152222633
0.090465590357780
0.120258390903473
-0.324867337942123
-0.101876735687256
-0.107214242219925
0.075206317007542
-0.105846680700779
0.333886653184891
0.083501197397709
-0.019623635336757
-0.207966536283493
0.241203799843788
0.132993474602699
-0.205843836069107
-0.161343723535538
0.072824440896511
-0.080910898745060
0.146506637334824
0.563669800758362
-0.265369892120361
0.079945430159569
-0.022621151059866
-0.031893625855446
0.224890917539597
0.212650135159492
0.273303598165512
0.114724032580853
-0.015188538469374
0.374099761247635
-0.008404900319874
0.272092550992966
0.262975782155991
0.187321573495865
0.094985306262970
-0.007249215617776
-0.042820736765862
-0.017226243391633
-0.248585984110832
0.125676602125168
0.272584140300751
-0.002055394696072
0.289118200540543
0.099623084068298
0.290449559688568
0.090861745178699
0.197926372289658
0.318415552377701
0.253643512725830
0.215429469943047
-0.086795702576637
0.189685687422752
-0.057582199573517
0.029384473338723
-0.071490794420242
-0.074075020849705
0.331765443086624
0.137041673064232
-0.081469707190990
0.049030549824238
0.024020384997129
-0.159146979451180
0.225524097681046
0.338299393653870
0.089188992977142
-0.180699497461319
-0.027762550860643
-0.021523347124457
-0.058540262281895
0.166359484195709
0.180986478924751
0.009009077213705
-0.038653720170259
-0.231109842658043
0.053967211395502
-0.077549658715725
-0.170181795954704
-0.031964208930731
-0.317224919795990
0.030903717502952
-0.219280958175659
-1.260324001312256
0.022752609103918
-0.030935470014811
-0.047858722507954
0.095227524638176
0.165576905012131
0.216316521167755
0.305448085069656
-1.302909731864929
0.003779902821407
0.001187021611258
-0.084232561290264
0.021052937954664
0.031137313693762
-0.077155038714409
-0.050589554011822
-0.540342867374420
-0.069241367280483
0.845267117023468
-0.092800796031952
0.037559330463409
0.006048115435988
0.081383951008320
-0.393041759729385
-0.100163072347641
0.025468675419688
0.108810901641846
-0.105697073042393
0.177612185478210
0.087180055677891
0.053189277648926
0.083777755498886
0.164782956242561
-0.105979792773724
-0.038107261061668
0.017085792496800
0.021061699837446
0.038709115236998
0.143674656748772
0.067112818360329
0.036065369844437
-0.059300050139427
0.122743189334869
0.038574021309614
0.067714482545853
