-0.170255705714226
0.015536689199507
0.039695646613836
0.043191574513912
0.151891112327576
0.063813418149948
-0.025433206930757
0.431245625019073
-0.022769410163164
0.068281933665276
-0.332308858633041
0.047477703541517
-0.068247459828854
0.287563800811768
0.001622071256861
0.048850730061531
0.026379883289337
0.091440029442310
-0.025468958541751
0.038553178310394
0.097922749817371
0.053890075534582
-0.066594563424587
0.034621931612492
0.167648389935493
-0.128115504980087
-0.057677425444126
0.032577328383923
0.175430983304977
0.053906559944153
-0.033315628767014
0.164630651473999
-0.030596829950809
-0.128805905580521
-0.030084550380707
0.033638861030340
0.080160014331341
0.039590485394001
0.072816863656044
-0.005485505796969
-0.003632400650531
-0.040125016123056
-0.196192815899849
0.259565025568008
-0.049886025488377
0.006417689844966
0.060721974819899
0.048229012638330
0.058079782873392
-0.116324774920940
0.163694873452187
-0.097343042492867
0.014738189987838
0.238000273704529
-0.052792597562075
0.088232606649399
0.027568113058805
0.020094593986869
0.101300649344921
0.101132303476334
0.276382803916931
0.114785864949226
0.039842613041401
-0.624655067920685
-0.441216170787811
-0.038131665438414
-0.032062038779259
0.112496949732304
-0.120955161750317
-0.065050572156906
0.072207398712635
0.305943906307220
2.156628608703613
-0.065713621675968
0.007951495237648
0.061630424112082
0.093043968081474
0.064968980848789
0.060699619352818
-0.023053545504808
0.004660232458264
0.251754611730576
-0.026451161131263
-0.044523421674967
0.039945092052221
0.413207709789276
0.025982780382037
0.084373362362385
-0.004188626073301
0.265125930309296
0.075762547552586
0.218534797430038
0.338598340749741
0.006370739080012
0.187768995761871
0.054056581109762
-0.105046756565571
0.082105159759521
0.005682721268386
0.091691248118877
-0.050926078110933
0.205020487308502
0.106709741055965
0.283149778842926
0.113834090530872
0.115981712937355
-0.190261393785477
-0.013368370011449
-0.011022744700313
-0.024653796106577
0.146591082215309
0.152025297284126
0.069168530404568
-0.012767624109983
-0.188850581645966
0.005874575581402
-0.034696169197559
-0.127154022455215
0.041504964232445
0.028951792046428
0.067855708301067
0.318738579750061
0.042758714407682
-0.189243838191032
-0.004670817404985
0.099852867424488
0.008269797079265
-0.076794765889645
0.088546477258205
0.243848741054535
0.041512828320265
-0.064794614911079
0.063306763768196
0.085952371358871
0.011030843481421
0.162985429167747
-0.098689109086990
-0.036138489842415
-0.017100051045418
-0.233893588185310
0.112103819847107
0.292670339345932
-0.095875531435013
-0.141658350825310
-0.003083332441747
1.084892749786377
0.159305661916733
-0.029417820274830
-0.160592988133430
-0.134730175137520
-0.020239261910319
2.028550624847412
-1.097600460052490
-0.079213015735149
-0.008880238048732
0.005202016327530
0.088411256670952
0.008339095860720
-0.043893031775951
0.025916952639818
0.219764545559883
-0.164181277155876
0.007561780512333
0.093982063233852
0.012498504482210
-0.064094662666321
0.215408995747566
0.058097351342440
-0.016633007675409
0.009881592355669
0.100264489650726
0.039949811995029
0.104544147849083
0.016486499458551
0.081206269562244
0.063795201480389
0.046331174671650
0.154302358627319
-0.084498263895512
0.094981268048286
0.000658737262711
0.019364427775145
0.095337703824043
0.017108725383878
-1.581149339675903
0.106142126023769
0.093481741845608
-0.036750879138708
0.061640303581953
0.107691794633865
-0.008249745704234
0.240659788250923
-0.082129336893559
0.082497484982014
-0.037463027983904
0.074225559830666
0.125344470143318
0.058993056416512
0.046467196196318
-0.053014550358057
-0.048496726900339
-0.038820035755634
0.091133363544941
0.022514618933201
0.152053982019424
-0.014493049122393
0.065852366387844
-0.088226236402988
-0.088870935142040
-0.009233782999218
-0.051972463726997
0.088955514132977
-0.227819293737411
-0.035686049610376
-0.162086874246597
0.015486346557736
-0.057313073426485
0.174545675516129
0.088370248675346
0.103932827711105
-0.174942240118980
-0.032610416412354
-0.040161672979593
0.200649887323380
-0.055168844759464
-0.086287550628185
0.074442036449909
0.021369554102421
0.077737964689732
0.137776553630829
-0.125608846545219
0.017464743927121
-0.052412107586861
0.082277990877628
0.117854721844196
-0.036661092191935
0.230649217963219
0.007609817665070
0.306296467781067
-2.694574594497681
0.012623355723917
0.048181522637606
-0.026133701205254
-0.034256253391504
-0.216938078403473
0.193974718451500
0.282469511032104
0.071171268820763
-0.135531380772591
0.133244886994362
-0.245322361588478
0.165593832731247
0.068282954394817
-0.127398282289505
0.071441188454628
-0.007973164319992
0.003335871733725
-0.022317573428154
0.143849015235901
1.386513590812683
0.188118919730186
0.006145268213004
0.081523671746254
0.082077018916607
0.087899327278137
0.283487260341644
-0.302453756332397
-0.112285032868385
-0.104107089340687
0.026981769129634
0.051796659827232
-0.077936783432961
0.030796505510807
0.008279142901301
0.135771110653877
0.058164548128843
-0.211427077651024
-0.093850255012512
-0.085008747875690
0.065045289695263
0.149089112877846
-0.111746244132519
-0.016514688730240
0.013923698104918
0.037224844098091
0.316855788230896
0.147806718945503
-0.303665250539780
0.271044313907623
-0.031775373965502
0.049791608005762
-0.135704427957535
0.081790938973427
-0.011456634849310
0.587244570255280
0.054828621447086
-0.104610800743103
-0.033474303781986
0.086093276739120
0.306583613157272
-0.075027614831924
0.064651630818844
-0.324703723192215
0.019666524603963
0.031205456703901
0.285802155733109
2.872910976409912
0.140988931059837
0.229274064302444
0.326368331909180
0.035532027482986
0.058477740734816
0.068145856261253
0.421057492494583
-0.091685429215431
-0.004273203667253
-0.359880834817886
-0.191665261983871
-0.042811315506697
0.033451702445745
0.034234482795000
0.096135139465332
0.085693769156933
-0.014587260782719
0.056975372135639
0.419335395097733
-0.001747081056237
-0.053442168980837
-0.062677986919880
0.010048368014395
-0.100005894899368
0.006274804938585
0.273698389530182
-0.096679590642452
0.370916903018951
0.025457078590989
0.038937073200941
-0.039181239902973
-0.011954843997955
0.206163033843040
-0.258924305438995
-0.095313124358654
-0.036518294364214
-0.169976040720940
0.042815204709768
-0.006466002203524
0.166023865342140
-0.094669938087463
0.076221086084843
0.128065109252930
-0.122180327773094
0.182673946022987
-0.066895574331284
0.077219456434250
0.089152693748474
-0.008098806254566
-0.162633061408997
0.045632872730494
-0.018297996371984
0.145684704184532
-0.072054915130138
0.121349260210991
0.116538472473621
0.021371530368924
0.012762603349984
0.060085691511631
0.061346974223852
0.442380964756012
-0.037594184279442
0.071562215685844
0.038720220327377
0.293481349945068
0.043216362595558
-0.084985494613647
0.151608377695084
0.062818393111229
0.158747255802155
-0.283318459987640
-0.075021982192993
-0.304717987775803
0.102423973381519
-0.271142274141312
0.029953815042973
0.083500131964684
0.026997663080692
0.186599522829056
0.086012080311775
0.143508136272430
-0.609539866447449
0.003194003365934
0.004062495194376
-0.135136917233467
0.092589259147644
0.174805581569672
-0.017056414857507
0.082884073257446
-0.007626110687852
-0.189812615513802
0.015636237338185
0.301696032285690
0.087690949440002
0.135405197739601
-0.068098075687885
-0.037922292947769
0.082924477756023
0.234769746661186
-0.005065040662885
-0.116481766104698
-0.017949908971786
0.038707893341780
0.011824913322926
-0.035235118120909
0.055134560912848
-0.185355737805367
0.022271210327744
0.014820267446339
0.011891257017851
0.016454255208373
0.187528327107430
-0.082790449261665
-0.030864866450429
0.041715711355209
0.046845465898514
0.091812700033188
-0.002021959982812
-0.117498308420181
0.075558803975582
-0.029125783592463
0.025040518492460
-0.016430906951427
0.111584365367889
-0.176281005144119
-0.073738828301430
-0.057861328125000
0.149628996849060
-0.098565869033337
0.038051057606936
0.039029717445374
-0.067904412746429
0.081644706428051
0.006730223540217
-0.026452302932739
0.066438876092434
0.042997103184462
-0.096286982297897
0.251975238323212
-0.044273350387812
0.078409641981125
-0.083996094763279
0.025179002434015
0.054841294884682
0.054657667875290
0.012748584151268
0.008541559800506
0.182088315486908
-0.287566095590591
-0.181245788931847
-0.133364707231522
-0.059129260480404
-1.269907236099243
0.229124560952187
-0.062314335256815
-0.030675029382110
0.036146394908428
-0.298085689544678
0.069561533629894
0.095415033400059
0.261251389980316
0.097992137074471
-0.107221812009811
0.106366194784641
0.129941001534462
-0.023305736482143
0.012362772598863
-0.317298978567123
0.016134984791279
-0.166673809289932
0.011571487411857
0.010207213461399
-0.088279865682125
0.119679108262062
0.057410437613726
-0.079936578869820
-0.092429816722870
-0.023578800261021
-0.000259247055510
-0.203599467873573
0.352863490581512
0.212989374995232
0.057004518806934
-0.104386404156685
0.151109382510185
0.050080757588148
0.010086464695632
0.150521233677864
-0.049651522189379
-0.171338006854057
-0.031647879630327
-0.001271076849662
0.051685605198145
0.153136566281319
0.188233688473701
-0.031364120543003
0.035978212952614
-0.072936192154884
0.004843559581786
-0.127221733331680
0.173526048660278
0.069890312850475
-0.028590399771929
0.280547171831131
0.004574762191623
0.004285214468837
0.027308715507388
0.144833803176880
-0.009919926524162
-0.001902292016894
-0.059144563972950
0.026304550468922
0.008945669978857
0.191032946109772
0.104989998042583
0.096581198275089
-0.076951205730438
-0.019216900691390
0.061981178820133
0.107525937259197
-0.391863942146301
0.177299708127975
-0.256944596767426
0.111940532922745
-0.066186994314194
0.259612798690796
-0.133875161409378
-0.022374911233783
-0.010717003606260
0.035999476909637
-0.079496495425701
-0.199969127774239
0.016356548294425
-0.157105475664139
0.021069942042232
0.050359554588795
-0.089624471962452
0.005627695005387
-0.118162408471107
0.078664302825928
0.048510421067476
0.023242902010679
-0.055913817137480
0.012766227126122
0.023117437958717
0.026059668511152
-0.057643797248602
-0.068177148699760
0.036393731832504
0.066069647669792
0.142074197530746
-0.033979840576649
-0.004035400226712
0.134586453437805
-0.039614517241716
0.083744421601295
0.040714059025049
0.111829057335854
-0.019332308322191
0.127922266721725
-0.037947796285152
0.084692299365997
-0.147770211100578
-0.031278919428587
0.089161932468414
-0.109569452702999
-0.069750145077705
-0.180668681859970
-0.029926132410765
0.143607676029205
-0.021700678393245
0.062121227383614
0.436125725507736
0.150915130972862
-0.174404621124268
0.115972086787224
0.063508845865726
0.216757595539093
-0.038979262113571
0.029057387262583
0.162925541400909
-17.035127639770508
0.301710903644562
0.085296489298344
0.194579869508743
-0.044229101389647
0.100641049444675
0.150415137410164
-0.024476010352373
0.075753539800644
0.049505688250065
0.081508561968803
0.086402870714664
0.048539653420448
0.007456880994141
-0.250094354152679
0.084866896271706
0.041025541722775
-0.054755870252848
0.068595752120018
0.007272562012076
0.086274161934853
-0.045673429965973
0.165306359529495
0.095972672104836
-0.257382690906525
0.350007236003876
0.019991504028440
-0.020890120416880
0.024625483900309
0.036188680678606
0.073635853827000
0.058823026716709
0.139555424451828
-0.120609827339649
-0.025834143161774
-0.068743050098419
0.041452277451754
-0.031470261514187
0.029330559074879
0.308082163333893
0.002330305054784
0.084237188100815
-0.053572785109282
-0.073616042733192
0.115405738353729
0.020737726241350
-0.036260854452848
-0.069829538464546
0.042134307324886
0.244664117693901
-0.230073302984238
0.032905843108892
-0.229886472225189
0.035511896014214
0.105846762657166
0.054339528083801
0.043478522449732
-0.244962006807327
-0.009934798814356
0.061141103506088
0.152840554714203
-0.153341397643089
0.180954173207283
-0.009365950711071
0.058797292411327
0.101960904896259
0.293513089418411
-0.025780372321606
0.002921484876424
-0.030070982873440
0.148476645350456
-0.008812517859042
0.161063000559807
0.247416183352470
-0.145729452371597
-0.103744871914387
0.025551205500960
-0.129386499524117
0.319942444562912
-0.002127571031451
0.093584902584553
0.190136149525642
-0.077173978090286
0.276753664016724
0.047216184437275
0.023538991808891
0.083168528974056
-0.007945165038109
0.215909287333488
0.003202018560842
0.045744281262159
-0.107999630272388
-0.188972651958466
0.156918466091156
0.107391394674778
0.009403937496245
0.005582772195339
0.228093668818474
0.215845420956612
0.028882501646876
0.118462868034840
0.085956320166588
0.192296683788300
0.099672004580498
0.048393502831459
0.390579164028168
0.159502282738686
0.044128034263849
0.025687057524920
-0.081303663551807
0.312749952077866
0.356283634901047
-0.132651552557945
-0.019950823858380
0.114643670618534
-0.116644084453583
0.139045506715775
0.252888590097427
-0.087746560573578
0.062305342406034
0.044803924858570
-0.124700598418713
0.015814550220966
0.093880631029606
0.230031341314316
-0.074333868920803
0.058730259537697
0.025350809097290
0.007179882843047
0.069013334810734
-0.100862771272659
-0.131202176213264
-0.244790405035019
0.031788855791092
0.075182586908340
-1.061122179031372
0.010147386230528
0.034685838967562
-0.018734643235803
0.052148204296827
0.184377372264862
0.171197101473808
0.150455892086029
-1.112126350402832
-0.052137572318316
0.036175340414047
-0.227793127298355
-0.044150151312351
0.046616818755865
0.016782946884632
0.093013115227222
-0.956578433513641
-0.089134104549885
1.088976740837097
-0.056638408452272
0.004856952466071
-0.005937424022704
-0.006462272722274
-0.295630216598511
-0.094591945409775
0.223220124840736
0.186421349644661
0.008972048759460
0.032998967915773
0.021249556913972
-0.061753649264574
0.195111930370331
0.067878045141697
-0.026751004159451
-0.097389422357082
0.063385695219040
0.086211703717709
-0.014049855992198
0.033749863505363
-0.176194548606873
0.123113967478275
-0.111876234412193
0.161217868328094
0.022555813193321
0.251325309276581
